== gross points over the day's routes: through walls | as built (32px, 16px in a one-tile wall) | 16px everywhere ==
    seed  day routes  seconds   events                       crowd                     
    4242    1     15      942     1305.8   1254.3   1238.2     2113.4   2113.4   2113.4
    4242    5     15      646     1612.3   1589.5   1568.2     1278.6   1278.6   1278.6
    4242    9     15     1273     2287.8   2243.5   2213.9     1065.8   1065.8   1065.8
    4242   13     15      729     1943.1   1930.0   1917.9     1012.6   1012.6   1012.6
   90210    1     14      778      981.4    981.4    981.4     1887.5   1887.5   1887.5
   90210    5     14     1036     1737.5   1724.0   1698.2     2203.9   2203.9   2203.9
   90210    9     14      954     2685.8   2676.9   2670.1      600.6    600.6    600.6
   90210   13     14      705     2421.7   2347.9   2326.0     1062.7   1062.7   1062.7
    1337    1     17      914     1096.7   1094.5   1088.2     2008.1   2008.1   2008.1
    1337    5     17     1444     3619.3   3616.2   3584.1     3212.0   3212.0   3212.0
    1337    9     17      834     1514.4   1504.7   1503.8      431.9    431.9    431.9
    1337   13     17      811     1661.5   1656.2   1651.9      883.7    883.7    883.7
          all    184    11064    22867.2  22619.0  22441.9    17760.9  17760.9  17760.9
  per minute walked: events    124.0    122.7    121.7, crowd     96.3     96.3     96.3
  share kept: events 98.9% / 98.1%, crowd 100.0% / 100.0%
